snailID,gw,gh,r0,h0,a0,c0,apAngle,shellLength,apex_x,apex_y,scaleFactor
001_EXP_sxt_H,0.103581981781793,0.127856218510803,2.63249265313238,6.70168389236737,2.43964437998258,4.38426055901874,33.3496436032022,10.3916999083649,3004.6875,1048.4375,212.224085579371
002_EXP_sxt_H,0.08828616703256,0.108619857040047,3.46683467890772,8.71846170390367,2.6298493079548,5.01707401907344,38.5390870954177,12.7030989974868,3629.57746478873,787.323943661972,211.340623792817
004_EXP_sxt_H,0.0953142083696423,0.118750050225176,3.1284219205612,7.15168114085318,2.39212830388711,4.66559424968894,27.7887529405077,11.2321209775421,3680.28169014085,747.887323943663,209.875433929743
005_EXP_sxt_H,0.0987169864409682,0.121757928383854,3.55236705819358,8.08331134309112,2.85574399161779,5.03679934456815,26.6651729338105,12.5513108612471,3607.04225352113,657.74647887324,211.432382272865
007_EXP_sxt_H,0.100896434898116,0.124890919259167,3.34362954476213,9.63486417202842,3.50306661749275,5.07053522216222,27.9506760144634,14.0860717780153,3500,426.760563380282,209.294911082791
011_EXP_sxt_H,0.103581337919856,0.131510569699294,4.23630738603205,9.95091519730521,3.47247074954101,5.322218088549,23.9157686204714,14.771544076864,3195.77464788732,426.760563380282,185.469184978425
013_EXP_sxt_H,0.0995973691723231,0.123568617450307,3.77815345390634,9.30831209864573,3.23492760232622,5.64640887269273,36.6135256236483,13.9790071401885,3392.95774647887,657.74647887324,176.904996823747
014_EXP_sxt_H,0.0974305092666868,0.120858366946365,2.64658403333882,6.06636151296364,1.97497898860217,4.2958388723783,36.5612553806499,9.54245999447616,3404.22535211268,995.774647887324,241.99134191453
018_EXP_sxt_M,0.107883279102749,0.134336570984774,3.53958750173858,8.14682814786666,3.31796465172585,5.34431377001106,25.933354875588,12.9435680142666,3471.83098591549,821.126760563381,190.265420270062
021_EXP_sxt_M,0.108855309774855,0.121066778856117,3.14101719721827,7.46705846945712,2.95001033483101,4.45928562595125,28.6059758828848,11.3973553688407,3578.87323943662,804.225352112677,190.126354284663
023_EXP_sxt_M,0.0900633806209504,0.123814074366109,3.32855992291421,10.9921852924192,3.48582256155517,4.64233977861853,32.9381847006125,14.992725890473,3195.77464788732,449.295774647888,190.811429797266
024_EXP_sxt_M,0.105917011983602,0.118374612936142,2.8218554261125,6.92894603685087,2.6225538320587,4.52441334678241,30.2727437110146,10.8167161797526,3578.87323943662,1057.74647887324,190.265420270062
025_EXP_sxt_M,0.101592592820742,0.132428039201653,3.41997513954906,8.73453662666582,3.2185914341496,4.87414251829809,33.4831496908824,12.9433281476298,3680.28169014085,849.295774647888,193.436346017924
027_EXP_sxt_M,0.10147792685875,0.118714781221898,3.78411074125138,8.69231988686524,2.98764097724325,5.17377328150475,31.6793257817928,13.1197764808068,3483.0985915493,629.577464788733,188.393407759391
030_EXP_sxt_M,0.0949806198115818,0.119741107437611,2.67547293791844,7.88720307678655,2.87026236959579,4.10022886700488,29.5829720379206,11.4718936825019,3691.54929577465,945.070422535212,193.427230046948
031_EXP_sxt_L,0.0982244823834132,0.117986974373154,3.19353536989603,9.38620292096262,3.32750407801124,5.03372513795817,35.8692875468226,13.583755334045,3556.33802816901,646.478873239437,191.926352630737
033_EXP_sxt_L,0.102280982427728,0.123509489796669,3.78135199036188,10.647059742188,3.70781779811221,5.61568275331344,33.5165028914867,15.4088267221996,3291.54929577465,488.732394366198,190.598764653033
046_EXP_ltr_H,0.111945350980546,0.135637768247403,5.83306401794422,12.5791877534998,4.72558403430632,7.91002617056712,31.4580288311741,19.4487976426732,3415.49295774648,483.098591549297,137.102063838077
049_EXP_ltr_H,0.105335686158903,0.131093342176247,5.60751894859506,14.0000415049075,4.64206863113897,7.66873294099092,40.0206946786478,20.2177352036218,3161.97183098591,697.18309859155,124.86497810238
050_EXP_ltr_H,0.0925463318577219,0.124623910896155,4.80055653312764,12.659898803554,4.59237785406272,7.44032813472214,29.0776967285115,19.2050132431168,3415.49295774648,640.845070422536,126.951690374878
052_EXP_ltr_H,0.0869597109153638,0.114876512361159,4.91845316858871,16.1268737205157,5.09512278979554,7.45637506641582,37.3487964656003,22.2903578887323,3308.45070422535,567.605633802817,126.325108423227
056_EXP_ltr_H,0.0956206059049564,0.119066556209587,4.70771996528391,11.6963434708514,3.92019271541404,6.79968713548851,32.3994464867861,17.4844503338659,3353.52112676056,640.845070422536,148.368692695614
058_EXP_ltr_H,0.0978762897046888,0.135092587569233,5.50643558479632,14.0213471544723,4.70399710431421,8.04018958152784,35.5035350027294,20.7712965239976,3302.81690140845,404.225352112677,146.478873239437
059_EXP_ltr_H,0.0986725185077202,0.128127971648043,5.35070702956481,13.3780138787718,4.48154743519815,7.18105429384856,35.0827664234884,19.4661918516889,3389.93710691824,384.346610761706,147.263568414668
061_EXP_ltr_M,0.106580453198628,0.141695587830759,5.04015003666983,12.9804525492131,4.70492933926168,7.51571829142621,35.2064547717385,19.3245217499605,3409.85915492958,545.070422535212,150.281682807456
062_EXP_ltr_M,0.0952747925532942,0.135001521989588,4.05240627894629,12.6958124154203,4.34913069007314,6.79432317990182,42.3748768060274,18.112654287513,3257.74647887324,483.098591549297,148.65365203503
064_EXP_ltr_M,0.106722372363809,0.136382707237078,4.87737389635836,13.3916184448847,5.01285753322185,6.69991628265853,38.9467085078649,19.0983035781053,3297.18309859155,545.070422535212,150.42241798686
065_EXP_ltr_M,0.102266869524336,0.148067632820926,5.99489060085999,17.3576178215739,6.38144749062934,8.44355582443261,40.9932676958757,24.4891441495612,3161.97183098591,578.87323943662,119.03792669852
067_EXP_ltr_M,0.0936283441665166,0.140857633203049,4.89403400136765,13.0729284222712,4.49195993873096,6.8018941047625,41.9457343078743,18.689269039344,3438.02816901408,623.943661971832,137.397556611007
071_EXP_ltr_M,0.106184127566691,0.141179840223707,3.78750388550488,10.5471593528706,4.3518036630748,5.91915567445094,33.0134771131707,15.710965585182,3438.02816901408,1001.40845070423,134.439634396961
074_EXP_ltr_M,0.10615767382623,0.136392613040292,5.64524195008899,14.5506325602586,5.46119598144834,7.91605390841173,33.2798569820666,21.4141531364951,3342.25352112676,629.577464788733,132.111041028819
076_EXP_ltr_L,0.113322728010695,0.141497574391779,5.13863745708886,12.6694995222904,4.68000104318787,7.2717805946606,43.2051824121537,18.5190377495823,3212.67605633803,776.05633802817,130.012198540251
077_EXP_ltr_L,0.0986842393491887,0.124716794198185,5.05768645464055,12.417957704793,4.18833860121553,6.58806265696372,43.0212283662653,17.7263098085887,3342.25352112676,809.859154929578,132.111041028819
079_EXP_ltr_L,0.0912757615927688,0.124507422465705,5.15493474677456,18.1064619325714,6.03480969009803,7.13868604511652,29.3954459357395,24.4074114461711,3319.71830985915,607.042253521127,114.569382480148
080_EXP_ltr_L,0.102981676031357,0.132118866359942,4.7412623469019,13.1654027404039,4.66124381228348,6.55043146771308,36.480867983636,18.7413906414186,3235.21126760563,618.30985915493,131.455399061033
082_EXP_ltr_L,0.108056290041139,0.148035392736326,5.5261553379823,14.3685771402895,5.51256656697549,7.6298522000507,32.1790782623199,21.0586453496037,3319.71830985915,443.661971830987,132.217775880428
086_EXP_ltr_L,0.107271450227543,0.128610449894085,4.14557811376513,10.9381252436472,4.03998934605297,5.63841893430836,36.1883097315084,15.7563224109747,3308.45070422535,561.971830985916,158.393486452278
088_EXP_ltr_L,0.114700760432998,0.165459351735086,5.26141957713078,14.5641949821484,5.60730226126216,7.14891357148534,33.500712962556,20.7846042278197,3257.74647887324,500,130.066438091439
089_EXP_ltr_L,0.106871081094855,0.134766484191818,4.89418183193594,13.965004182206,5.17315895585102,6.70475899542155,37.6886372038547,19.7192224393147,3246.47887323944,539.43661971831,128.867894567495
091_SHL_sxt_H,0.0898912033083601,0.12220653481225,2.67386691708648,7.99647655762658,2.73367533278948,4.35258574329463,34.8314729021683,11.6597238453129,3330.98591549296,843.661971830987,174.203078368178
092_SHL_sxt_H,0.105555188640387,0.121782774546625,2.60104753511153,6.76950897012312,2.6365818026686,4.16526258693102,33.414558194223,10.3118465704245,3460.56338028169,1018.30985915493,173.198081504884
094_SHL_sxt_H,0.100590761701637,0.134374177462032,1.93481526113251,4.99701182271591,1.82343683891317,2.77019620177587,44.6056478255995,7.2302132672241,3100,1091.54929577465,268.800560902654
095_SHL_sxt_H,0.101284870096478,0.143415501622054,2.27240496682999,5.52238499305816,1.96637878790566,3.26056502074776,34.9246558494097,8.29449736104653,3297.18309859155,781.690140845071,263.714398971522
097_SHL_sxt_H,0.0955011831202949,0.114956158295539,2.74351107068026,7.58995608436251,2.83091332234515,4.16890739668811,29.1884776479942,11.2377810802678,3054.92957746479,364.788732394367,265.506967165029
101_SHL_sxt_H,0.0954347208708058,0.137924144490262,2.16167557271389,6.07493505359091,2.18837865791152,3.49399037554371,46.8072895191051,8.80034928594608,3161.97183098591,714.084507042254,265.533531143802
104_SHL_sxt_H,0.0918729122630816,0.128362867924196,2.33830941250173,6.16054019113297,2.11367572908828,3.48899784802818,38.1950462328297,9.05766194471405,3280.28169014085,685.915492957747,265.221236360393
106_SHL_sxt_M,0.0924344889710322,0.106974998325529,2.60462802905044,6.81138453285198,2.00867004072268,3.49087308340829,33.6765201539146,9.6822166140095,3426.76056338028,432.394366197183,265.081581474049
107_SHL_sxt_M,0.107361982093918,0.151327405304628,2.73380146396318,6.96947786896783,2.61594467311997,3.46828701103161,32.0719410093279,10.0424405971739,3184.50704225352,669.014084507043,265.074929406105
109_SHL_sxt_M,0.0925637012380942,0.123632520125047,2.15295143552397,5.32882328423861,1.70284790175582,3.04468130173473,41.2982618634626,7.75721924060589,3353.52112676056,939.43661971831,267.069721189256
110_SHL_sxt_M,0.0850817260164491,0.111398212865749,2.41400882681573,7.72416902456085,2.42570472617288,3.61787476052593,44.7020702687961,10.5708959583129,3364.78873239437,387.323943661972,263.373168206684
112_SHL_sxt_M,0.121040360728112,0.144957586963787,2.3633349249438,5.17824520865833,2.21931829403129,3.62217249342369,33.477164893953,8.28670004962272,3195.77464788732,866.197183098592,266.488070856037
116_SHL_sxt_M,0.0808611359380602,0.111523381152721,2.49958375372066,6.98815295982927,2.11796018802911,3.37481647183073,39.1264064564109,9.75770622756814,3302.81690140845,573.239436619719,246.410453280327
118_SHL_sxt_M,0.0984617991507632,0.125413767214583,2.58599562462072,6.41586250643606,2.31775499468559,3.61469791485483,40.5174627318852,9.39469123058184,3415.49295774648,674.647887323944,245.865994118451
119_SHL_sxt_M,0.0969458662659127,0.134853068274056,1.93648947902606,6.18557642654797,2.3467463306372,3.4406360145745,31.5066199589922,9.13860211714871,3207.04225352113,815.49295774648,247.12501937061
136_SHL_ltr_H,0.0943640902428946,0.140219498703459,4.59747569233106,11.302634710335,4.11950627038453,6.49005202689552,26.1381527654898,17.1670995328229,3223.94366197183,708.450704225353,137.909949053424
137_SHL_ltr_H,0.10483986727351,0.132898086335747,5.23729295644702,12.6210365692906,4.60255631210611,6.65334902891066,30.439404743047,18.504879046688,3207.04225352113,607.042253521127,134.649327851593
139_SHL_ltr_H,0.0968479795486292,0.10933022777235,4.17845508545364,11.7562945577671,4.40490270133395,5.6144023969591,24.5273013947444,16.7714079209391,3077.46478873239,702.816901408451,143.51153558342
140_SHL_ltr_H,0.103431777697503,0.128865335846479,4.27729165370936,10.5113152857988,4.06383225355225,6.14131893055,37.1635071288792,15.7152521324964,3122.5352112676,770.422535211268,146.165549087625
146_SHL_ltr_H,0.0926955332951676,0.120801472411094,4.21677544573422,12.7858295560725,4.67827130206133,6.04304816166929,27.4820966444927,18.185675876497,3116.9014084507,505.633802816902,142.920545280304
148_SHL_ltr_H,0.119032216945825,0.144698832552475,3.68731006741675,8.14150574645208,3.44244068619694,5.02638323869035,32.5201624151616,12.5507101411673,3376.05633802817,883.098591549297,163.066992271117
149_SHL_ltr_H,0.117186127162039,0.148808014147915,4.30088860764365,8.88456014296765,3.73735729676141,6.11766451139889,22.1771900293235,14.4876246952708,3257.74647887324,680.281690140846,162.818092711878
151_SHL_ltr_M,0.095305150356271,0.136885423890392,4.13831324193546,13.9233056399959,5.51280879761009,6.45377092304873,29.5629357716117,19.6888505324156,3280.28169014085,528.169014084508,126.715345786572
152_SHL_ltr_M,0.100025505884359,0.136607295945234,3.83345359725049,10.2732327552454,4.01821309409362,5.37510830552955,35.5431311034596,14.9747626056983,3100,561.971830985916,166.882753525175
154_SHL_ltr_M,0.11033657035633,0.145229721011543,5.21485517515093,12.3589306771757,4.8758722977388,6.86379911646566,33.3094930119632,18.3845111406429,3184.50704225352,764.788732394367,129.359550041649
155_SHL_ltr_M,0.0920145252222099,0.141587332668872,4.77561199760103,14.6763965052545,5.41043802911005,6.99529754176653,33.1273015857717,20.8500436482212,3223.94366197183,629.577464788733,116.401631679337
157_SHL_ltr_M,0.0883209315439316,0.141734605261652,4.54215336412284,14.7346249042862,5.42026288171679,7.34587898002903,38.5423860092787,20.9986054078978,3269.01408450704,443.661971830987,122.64219243009
161_SHL_ltr_M,0.101209315907086,0.114370894637136,2.6410537719957,7.27999252478198,2.76250568095263,3.84997697300969,24.089689342139,10.7149783140225,3207.04225352113,545.070422535212,240.404927786746
163_SHL_ltr_M,0.0942977382822467,0.138536358632724,4.52135415368842,11.3756134566778,4.03977263717996,6.50108096982395,35.9426550458546,16.9144172341958,3280.28169014085,646.478873239437,135.276457941423
164_SHL_ltr_M,0.0983447526202248,0.117927420714453,3.75369880133144,9.37992936701891,3.35432606357182,5.250621530292,25.5381912298793,14.0566184543481,3207.04225352113,561.971830985916,177.958426148088
166_SHL_ltr_L,0.0872907032786456,0.124054200780814,4.9315377603989,15.7694084882108,5.42305567399538,7.08908219310337,40.5927445180621,21.7970530653956,3139.43661971831,353.521126760564,121.950107756276
167_SHL_ltr_L,0.102852658198274,0.117007866890687,4.2788626600452,11.1969563397007,4.13621456559101,5.49836450043239,30.7867855648345,16.0266346224914,3100,494.366197183099,160.944554824908
169_SHL_ltr_L,0.0969367534634406,0.120169162922895,4.42617518287797,12.3236559248428,4.27173132691264,5.88537776627651,23.7067241358152,17.6123724621644,3223.94366197183,364.788732394367,156.241422872875
170_SHL_ltr_L,0.100871383552749,0.12468994037446,3.66285328836922,9.72117922399574,3.63688122940707,5.00521467973351,31.6055330277559,14.1191837661772,3133.80281690141,522.535211267606,186.180870019968
176_SHL_ltr_L,0.0869269188375151,0.106110159273209,4.2503772788638,12.1940617653166,3.84527149018506,5.99285526676783,34.269928918565,17.183684735967,3257.74647887324,471.830985915493,150.843835703461
178_SHL_ltr_L,0.098748533533263,0.121181217141705,2.82542391811614,7.69322828264089,3.01889985676532,4.25770487918371,28.9835487893394,11.4615946264984,3235.21126760563,894.366197183099,186.379654847692
179_SHL_ltr_L,0.0982066883203187,0.122106897914985,4.4340573396632,11.8199159422071,4.52863154271079,6.48474679958794,23.3109412076838,17.6914419404546,3308.45070422535,409.859154929578,155.426716969454
